4
linear   essential      -0.250000   0.750000
linear   non-essential   0.000000   1.000000
linear   essential       0.000000   1.000000
linear   essential       0.000000   1.000000

2 1
significant   elliptical     4
	  0.521484  0.490723  0.335938  0.251953
	  0.103368  0.063951  0.025258  0.011744

0 1
significant   elliptical     2
	  0.589844  0.620313  0.380859  0.294922
	  0.000488  0.009669  0.000400  0.004036

4 1
significant   elliptical     2
	  0.308594  0.490039  0.371094  0.291016
	  0.051300  0.169608  0.113556  0.036324

V 1
significant   elliptical     7
	  0.685268  0.489621  0.339844  0.268973
	  0.124399  0.123613  0.022008  0.032702

O 1
significant   elliptical     2
	  0.990234  1.112695  0.642578  0.564453
	  0.000400  0.000452  0.000400  0.000400

Y 1
significant   elliptical     2
	  1.111328  0.610742  0.429688  0.302734
	  0.000400  0.368927  0.113556  0.071785

A 1
significant   elliptical     2
	  0.589844  0.905859  0.501953  0.437500
	  0.046417  0.033638  0.009346  0.006866

G 1
significant   elliptical     3
	  0.816406  0.973177  0.553385  0.466146
	  0.014893  0.021325  0.007970  0.003606

E 1
significant   elliptical     9
	  0.813368  0.803906  0.449653  0.338108
	  0.116523  0.212724  0.055994  0.031323

P 1
significant   elliptical     4
	  0.811523  0.829102  0.512695  0.358398
	  0.033919  0.016969  0.006168  0.005843

I 1
significant   elliptical     2
	  0.896484  0.627148  0.603516  0.281250
	  0.004036  0.006730  0.028389  0.003693

T 1
significant   elliptical     4
	  1.005859  0.859570  0.608398  0.444336
	  0.024968  0.014942  0.009200  0.005090

R 1
significant   elliptical     1
	  1.000000  1.280078  0.656250  0.511719
	  0.000400  0.000400  0.000400  0.000400

S 1
significant   elliptical     4
	  0.654297  0.653809  0.458008  0.315430
	  0.095922  0.051078  0.042179  0.005283

Q 1
significant   elliptical     1
	  0.691406  1.320703  0.781250  0.566406
	  0.000400  0.000400  0.000400  0.000400

, 1
significant   elliptical    21
	  0.101376  0.315439  0.254650  0.192522
	  0.042338  0.093762  0.020590  0.025548

& 1
significant   elliptical     9
	  0.674913  1.113715  0.452691  0.432292
	  0.011031  0.028007  0.004152  0.002964

. 1
significant   elliptical     6
	  0.227865  0.322266  0.201172  0.216146
	  0.059214  0.095531  0.014745  0.026634

m 1
significant   elliptical    30
	  0.439974  0.830612  0.309245  0.417448
	  0.001725  0.019330  0.000400  0.003777

y 1
significant   elliptical     6
	  0.244141  0.502474  0.375651  0.228516
	  0.008257  0.075048  0.035067  0.009868

n 1
significant   elliptical    80
	  0.378711  0.498745  0.273926  0.262354
	  0.012881  0.033288  0.005765  0.007315

e 1
significant   elliptical   100
	  0.475195  0.550684  0.298711  0.248320
	  0.004183  0.012982  0.000663  0.002448

r 1
significant   elliptical    77
	  0.424614  0.501228  0.281098  0.258168
	  0.014422  0.095629  0.005455  0.022562

f 1
significant   elliptical    43
	  0.725745  0.653461  0.461483  0.263172
	  0.007000  0.048006  0.002352  0.005473

v 1
significant   elliptical    16
	  0.492676  0.381812  0.238037  0.213135
	  0.025323  0.021187  0.005698  0.004864

i 1
significant   elliptical    83
	  0.494070  0.388677  0.351751  0.154038
	  0.040076  0.061181  0.020624  0.010977

c 1
significant   elliptical    31
	  0.432460  0.391860  0.279108  0.210181
	  0.010484  0.016291  0.005427  0.003253

t 1
significant   elliptical    68
	  0.469324  0.455452  0.318934  0.213982
	  0.014658  0.061730  0.005448  0.013718

l 1
significant   elliptical    64
	  0.612854  0.458173  0.425049  0.166382
	  0.028047  0.049880  0.011469  0.007836

h 1
significant   elliptical    12
	  0.488607  0.541634  0.358073  0.231771
	  0.024438  0.050761  0.014086  0.005414

a 1
significant   elliptical    72
	  0.379015  0.471061  0.278429  0.218370
	  0.019505  0.032016  0.010661  0.003195

b 1
significant   elliptical     6
	  0.592448  0.610352  0.389323  0.234375
	  0.026274  0.054875  0.011790  0.006586

s 1
significant   elliptical    65
	  0.392248  0.468558  0.257572  0.217488
	  0.012661  0.064330  0.006433  0.012701

; 1
significant   elliptical     3
	  0.329427  0.345312  0.393229  0.141927
	  0.004735  0.002595  0.000400  0.000554

o 1
significant   elliptical    57
	  0.450863  0.542359  0.290707  0.256785
	  0.010190  0.015674  0.002691  0.002744

x 1
significant   elliptical     8
	  0.379395  0.493115  0.289062  0.237793
	  0.008952  0.018421  0.004421  0.002557

g 1
significant   elliptical    12
	  0.136068  0.695508  0.389648  0.236979
	  0.011563  0.044737  0.009480  0.001818

u 1
significant   elliptical    63
	  0.415551  0.501159  0.283048  0.259363
	  0.009316  0.022372  0.003744  0.004671

d 1
significant   elliptical    49
	  0.515625  0.540561  0.371572  0.224888
	  0.024924  0.043015  0.012373  0.004354

J 1
significant   elliptical     4
	  0.669922  0.417090  0.460938  0.169922
	  0.038925  0.027225  0.020640  0.006821

é 1
significant   elliptical    20
	  0.621484  0.657207  0.408594  0.220508
	  0.003572  0.001466  0.000400  0.000400

p 1
significant   elliptical    27
	  0.195023  0.558015  0.379919  0.223958
	  0.015518  0.049064  0.010103  0.006723

q 1
significant   elliptical    11
	  0.264560  0.689666  0.442116  0.274148
	  0.003125  0.001708  0.000400  0.000400

j 1
significant   elliptical     3
	  0.457031  0.502214  0.623698  0.135417
	  0.001160  0.003489  0.000400  0.000400

: 1
significant   elliptical     1
	  0.351562  0.505078  0.570312  0.210938
	  0.000400  0.000400  0.000400  0.000400

N 1
significant   elliptical     2
	  0.775391  0.718555  0.449219  0.390625
	  0.000400  0.088825  0.000400  0.003052

L 1
significant   elliptical     9
	  0.439670  0.386024  0.360677  0.209635
	  0.026928  0.053541  0.025620  0.017643

’ 1
significant   elliptical     3
	  1.127604  0.171615  0.178385  0.106771
	  0.004049  0.000495  0.000400  0.000400

C 1
significant   elliptical     4
	  0.738281  0.753809  0.518555  0.401367
	  0.000661  0.001297  0.000400  0.000400

- 1
significant   elliptical     9
	  0.355035  0.257031  0.134115  0.231771
	  0.018770  0.045014  0.006649  0.011829

| 1
significant   elliptical     2
	 -0.375000  0.104687  0.132812  0.070312
	  0.945312  0.007812  0.016144  0.001495

1 1
significant   elliptical     2
	  0.558594  0.354297  0.386719  0.164062
	  0.009888  0.001626  0.001495  0.000400

6 1
significant   elliptical     2
	  0.648438  0.544141  0.376953  0.285156
	  0.000400  0.030089  0.008308  0.000763

° 1
significant   elliptical     3
	  0.703125  0.280208  0.274740  0.149740
	  0.105301  0.019358  0.020849  0.002706

' 1
significant   elliptical     2
	  0.896484  0.088477  0.093750  0.064453
	  0.244453  0.006372  0.007812  0.002205

H 1
significant   elliptical     1
	  0.726562  1.087109  0.523438  0.492188
	  0.000400  0.000400  0.000400  0.000400

F 1
significant   elliptical     1
	  0.714844  0.498437  0.421875  0.152344
	  0.000400  0.000400  0.000400  0.000400

8 1
significant   elliptical     2
	  0.773438  0.682227  0.513672  0.335938
	  0.023926  0.018243  0.036324  0.000488

5 1
significant   elliptical     1
	  0.703125  0.726953  0.429688  0.300781
	  0.000400  0.000400  0.000400  0.000400

7 1
significant   elliptical     1
	  0.554688  0.489453  0.527344  0.210938
	  0.000400  0.000400  0.000400  0.000400

9 1
significant   elliptical     1
	  0.968750  0.762891  0.566406  0.230469
	  0.000400  0.000400  0.000400  0.000400

M 1
significant   elliptical     2
	  0.265625  0.302734  0.199219  0.189453
	  0.000763  0.007910  0.000400  0.004036

D 1
significant   elliptical     2
	  0.332031  0.163281  0.218750  0.054688
	  0.000400  0.000400  0.000400  0.000400

w 1
significant   elliptical     2
	  0.177734  0.134180  0.109375  0.113281
	  0.000400  0.001231  0.000400  0.000763
