69
NULL 0 Common 0
Joined 7 0,255,0,255,0,0,0,0,0,0 Latin 1 0 1 Joined	# Joined [4a 6f 69 6e 65 64 ]a
|Broken|0|1 15 0,255,0,255,0,0,0,0,0,0 Common 2 10 2 |Broken|0|1	# Broken
~ 0 0,255,0,255,0,0,0,0,0,0 Common 3 10 3 ~	# ~ [7e ]
2 8 0,255,0,255,0,0,0,0,0,0 Common 4 2 4 2	# 2 [32 ]0
0 8 0,255,0,255,0,0,0,0,0,0 Common 5 2 5 0	# 0 [30 ]0
4 8 0,255,0,255,0,0,0,0,0,0 Common 6 2 6 4	# 4 [34 ]0
V 5 0,255,0,255,0,0,0,0,0,0 Latin 30 0 7 V	# V [56 ]A
O 5 0,255,0,255,0,0,0,0,0,0 Latin 32 0 8 O	# O [4f ]A
Y 5 0,255,0,255,0,0,0,0,0,0 Latin 25 0 9 Y	# Y [59 ]A
A 5 0,255,0,255,0,0,0,0,0,0 Latin 36 0 10 A	# A [41 ]A
G 5 0,255,0,255,0,0,0,0,0,0 Latin 41 0 11 G	# G [47 ]A
E 5 0,255,0,255,0,0,0,0,0,0 Latin 28 0 12 E	# E [45 ]A
P 5 0,255,0,255,0,0,0,0,0,0 Latin 46 0 13 P	# P [50 ]A
I 5 0,255,0,255,0,0,0,0,0,0 Latin 31 0 14 I	# I [49 ]A
T 5 0,255,0,255,0,0,0,0,0,0 Latin 33 0 15 T	# T [54 ]A
R 5 0,255,0,255,0,0,0,0,0,0 Latin 26 0 16 R	# R [52 ]A
S 5 0,255,0,255,0,0,0,0,0,0 Latin 38 0 17 S	# S [53 ]A
Q 5 0,255,0,255,0,0,0,0,0,0 Latin 47 0 18 Q	# Q [51 ]A
U 5 0,255,0,255,0,0,0,0,0,0 Latin 42 0 19 U	# U [55 ]A
, 16 0,255,0,255,0,0,0,0,0,0 Common 20 6 20 ,	# , [2c ]p
& 16 0,255,0,255,0,0,0,0,0,0 Common 21 10 21 &	# & [26 ]p
c 3 0,255,0,255,0,0,0,0,0,0 Latin 53 0 22 c	# c [63 ]a
. 16 0,255,0,255,0,0,0,0,0,0 Common 23 6 23 .	# . [2e ]p
m 3 0,255,0,255,0,0,0,0,0,0 Latin 66 0 24 m	# m [6d ]a
y 3 0,255,0,255,0,0,0,0,0,0 Latin 9 0 25 y	# y [79 ]a
r 3 0,255,0,255,0,0,0,0,0,0 Latin 16 0 26 r	# r [72 ]a
n 3 0,255,0,255,0,0,0,0,0,0 Latin 50 0 27 n	# n [6e ]a
e 3 0,255,0,255,0,0,0,0,0,0 Latin 12 0 28 e	# e [65 ]a
f 3 0,255,0,255,0,0,0,0,0,0 Latin 61 0 29 f	# f [66 ]a
v 3 0,255,0,255,0,0,0,0,0,0 Latin 7 0 30 v	# v [76 ]a
i 3 0,255,0,255,0,0,0,0,0,0 Latin 14 0 31 i	# i [69 ]a
o 3 0,255,0,255,0,0,0,0,0,0 Latin 8 0 32 o	# o [6f ]a
t 3 0,255,0,255,0,0,0,0,0,0 Latin 15 0 33 t	# t [74 ]a
l 3 0,255,0,255,0,0,0,0,0,0 Latin 51 0 34 l	# l [6c ]a
h 3 0,255,0,255,0,0,0,0,0,0 Latin 60 0 35 h	# h [68 ]a
a 3 0,255,0,255,0,0,0,0,0,0 Latin 10 0 36 a	# a [61 ]a
b 3 0,255,0,255,0,0,0,0,0,0 Latin 37 0 37 b	# b [62 ]a
s 3 0,255,0,255,0,0,0,0,0,0 Latin 17 0 38 s	# s [73 ]a
; 16 0,255,0,255,0,0,0,0,0,0 Common 39 10 39 ;	# ; [3b ]p
x 3 0,255,0,255,0,0,0,0,0,0 Latin 40 0 40 x	# x [78 ]a
g 3 0,255,0,255,0,0,0,0,0,0 Latin 11 0 41 g	# g [67 ]a
u 3 0,255,0,255,0,0,0,0,0,0 Latin 19 0 42 u	# u [75 ]a
d 3 0,255,0,255,0,0,0,0,0,0 Latin 67 0 43 d	# d [64 ]a
J 5 0,255,0,255,0,0,0,0,0,0 Latin 48 0 44 J	# J [4a ]A
é 3 0,255,0,255,0,0,0,0,0,0 Latin 45 0 45 é	# é [e9 ]a
p 3 0,255,0,255,0,0,0,0,0,0 Latin 13 0 46 p	# p [70 ]a
q 3 0,255,0,255,0,0,0,0,0,0 Latin 18 0 47 q	# q [71 ]a
j 3 0,255,0,255,0,0,0,0,0,0 Latin 44 0 48 j	# j [6a ]a
: 16 0,255,0,255,0,0,0,0,0,0 Common 49 6 49 :	# : [3a ]p
N 5 0,255,0,255,0,0,0,0,0,0 Latin 27 0 50 N	# N [4e ]A
L 5 0,255,0,255,0,0,0,0,0,0 Latin 34 0 51 L	# L [4c ]A
’ 16 0,255,0,255,0,0,0,0,0,0 Common 52 10 52 '	# ’ [2019 ]p
C 5 0,255,0,255,0,0,0,0,0,0 Latin 22 0 53 C	# C [43 ]A
- 16 0,255,0,255,0,0,0,0,0,0 Common 54 3 54 -	# - [2d ]p
| 0 0,255,0,255,0,0,0,0,0,0 Common 55 10 55 |	# | [7c ]
1 8 0,255,0,255,0,0,0,0,0,0 Common 56 2 56 1	# 1 [31 ]0
6 8 0,255,0,255,0,0,0,0,0,0 Common 57 2 57 6	# 6 [36 ]0
° 0 0,255,0,255,0,0,0,0,0,0 Common 58 4 58 °	# ° [b0 ]
' 16 0,255,0,255,0,0,0,0,0,0 Common 59 10 59 '	# ' [27 ]p
H 5 0,255,0,255,0,0,0,0,0,0 Latin 35 0 60 H	# H [48 ]A
F 5 0,255,0,255,0,0,0,0,0,0 Latin 29 0 61 F	# F [46 ]A
8 8 0,255,0,255,0,0,0,0,0,0 Common 62 2 62 8	# 8 [38 ]0
5 8 0,255,0,255,0,0,0,0,0,0 Common 63 2 63 5	# 5 [35 ]0
7 8 0,255,0,255,0,0,0,0,0,0 Common 64 2 64 7	# 7 [37 ]0
9 8 0,255,0,255,0,0,0,0,0,0 Common 65 2 65 9	# 9 [39 ]0
M 5 0,255,0,255,0,0,0,0,0,0 Latin 24 0 66 M	# M [4d ]A
D 5 0,255,0,255,0,0,0,0,0,0 Latin 43 0 67 D	# D [44 ]A
w 3 0,255,0,255,0,0,0,0,0,0 Latin 68 0 68 w	# w [77 ]a
